#DUMP_OFFSET.I,ELAPSED_USECS.D,ELAPSED_TICKS.I,CMD.S,INFLIGHT_IOS.I,TS.I,SEQID.I,LUN_SSID.I,OP.I,PHASE.I,LBA.I,NBLKS.I,LATENCY_TICKS.I,HOST_ID.I,HOST_LUN.I,LATENCY_USECS.D
4096,0.000,0,WR_IN,0,7380094829548260,435166221,6,1,0,0,8,266364,7,6,124.858
4124,25.076,53496,WR_IN,1,7380094829601756,435166222,6,1,0,8,8,20439052,7,6,9580.806
4152,26.018,55504,WR_IN,2,7380094829603764,435166223,6,1,0,16,8,16749392,7,6,7851.278
4180,26.621,56792,WR_IN,3,7380094829605052,435166224,6,1,0,24,8,17725384,7,6,8308.774
4208,39.782,84868,WR_IN,4,7380094829633128,435166225,6,1,0,32,8,16721544,7,6,7838.224
4236,47.878,102140,WR_IN,6,7380094829650400,435166226,6,1,0,40,8,17680760,7,6,8287.856
4264,116.739,249044,WR_IN,6,7380094829797304,435166227,6,1,0,48,8,17339540,7,6,8127.909
4292,117.853,251420,WR_IN,7,7380094829799680,435166228,6,1,0,56,8,17558328,7,6,8230.466
4320,118.673,253168,WR_IN,8,7380094829801428,435166229,6,1,0,64,8,17364500,7,6,8139.609
4348,119.481,254892,WR_IN,9,7380094829803152,435166230,6,1,0,72,8,17568680,7,6,8235.319
4376,120.158,256336,WR_IN,10,7380094829804596,435166231,6,1,0,80,8,17376744,7,6,8145.349
4404,120.885,257888,WR_IN,11,7380094829806148,435166232,6,1,0,88,8,17576980,7,6,8239.209
4432,122.023,260316,WR_IN,12,7380094829808576,435166233,6,1,0,96,8,17405528,7,6,8158.841
4460,122.544,261428,WR_IN,13,7380094829809688,435166234,6,1,0,104,8,17584656,7,6,8242.808
4488,123.165,262752,WR_IN,14,7380094829811012,435166235,6,1,0,112,8,17415416,7,6,8163.476
4516,123.763,264028,WR_IN,15,7380094829812288,435166236,6,1,0,120,8,17621592,7,6,8260.121
4572,125.355,267424,WR_IN,15,7380094829815684,435166237,6,1,0,128,8,17426216,7,6,8168.539
4600,7874.355,16798624,WR_IN,16,7380094846346884,435166239,6,1,0,136,8,5468884,7,6,2563.539
4628,7875.435,16800928,WR_IN,17,7380094846349188,435166240,6,1,0,144,8,5454512,7,6,2556.803
4712,7878.874,16808264,WR_IN,16,7380094846356524,435166241,6,1,0,152,8,5459528,7,6,2559.154
4740,7879.487,16809572,WR_IN,17,7380094846357832,435166242,6,1,0,160,8,5447736,7,6,2553.626
4768,7880.196,16811084,WR_IN,18,7380094846359344,435166243,6,1,0,168,8,5458052,7,6,2558.462
4796,7880.889,16812564,WR_IN,19,7380094846360824,435166244,6,1,0,176,8,5446376,7,6,2552.989
4824,7881.598,16814076,WR_IN,20,7380094846362336,435166245,6,1,0,184,8,5481468,7,6,2569.438
4852,7882.119,16815188,WR_IN,21,7380094846363448,435166246,6,1,0,192,8,5444580,7,6,2552.147
4880,7882.785,16816608,WR_IN,22,7380094846364868,435166247,6,1,0,200,8,5479792,7,6,2568.653
4908,7883.469,16818068,WR_IN,23,7380094846366328,435166248,6,1,0,208,8,5478992,7,6,2568.278
4936,7884.000,16819200,WR_IN,24,7380094846367460,435166249,6,1,0,216,8,5442040,7,6,2550.956
4964,7884.551,16820376,WR_IN,25,7380094846368636,435166250,6,1,0,224,8,5442156,7,6,2551.011
4992,7885.133,16821616,WR_IN,26,7380094846369876,435166251,6,1,0,232,8,5476288,7,6,2567.010
5020,7885.656,16822732,WR_IN,27,7380094846370992,435166252,6,1,0,240,8,5441440,7,6,2550.675
5048,7886.209,16823912,WR_IN,28,7380094846372172,435166253,6,1,0,248,8,5474644,7,6,2566.239
5076,7886.730,16825024,WR_IN,29,7380094846373284,435166254,6,1,0,256,8,5439952,7,6,2549.978
5104,7887.234,16826100,WR_IN,30,7380094846374360,435166255,6,1,0,264,8,5473136,7,6,2565.533
5132,7887.791,16827288,WR_IN,31,7380094846375548,435166256,6,1,0,272,8,5438348,7,6,2549.226
5160,7888.333,16828444,WR_IN,32,7380094846376704,435166257,6,1,0,280,8,5471428,7,6,2564.732
5188,7888.894,16829640,WR_IN,33,7380094846377900,435166258,6,1,0,288,8,5436700,7,6,2548.453
5216,7889.438,16830800,WR_IN,34,7380094846379060,435166259,6,1,0,296,8,5470904,7,6,2564.486
5244,7889.936,16831864,WR_IN,35,7380094846380124,435166260,6,1,0,304,8,5438088,7,6,2549.104
5272,7890.448,16832956,WR_IN,36,7380094846381216,435166261,6,1,0,312,8,5470144,7,6,2564.130
5300,7890.958,16834044,WR_IN,37,7380094846382304,435166262,6,1,0,320,8,5448352,7,6,2553.915
5328,7891.476,16835148,WR_IN,38,7380094846383408,435166263,6,1,0,328,8,5468632,7,6,2563.421
5356,7892.057,16836388,WR_IN,39,7380094846384648,435166264,6,1,0,336,8,5447304,7,6,2553.424
5384,7892.588,16837520,WR_IN,40,7380094846385780,435166265,6,1,0,344,8,5467068,7,6,2562.688
5412,7893.066,16838540,WR_IN,41,7380094846386800,435166266,6,1,0,352,8,5476800,7,6,2567.250
5440,7893.604,16839688,WR_IN,42,7380094846387948,435166267,6,1,0,360,8,5445300,7,6,2552.484
5468,7894.262,16841092,WR_IN,43,7380094846389352,435166268,6,1,0,368,8,5444556,7,6,2552.136
5496,7894.776,16842188,WR_IN,44,7380094846390448,435166269,6,1,0,376,8,5473780,7,6,2565.834
5524,7895.274,16843252,WR_IN,45,7380094846391512,435166270,6,1,0,384,8,5443720,7,6,2551.744
5552,7895.786,16844344,WR_IN,46,7380094846392604,435166271,6,1,0,392,8,5472268,7,6,2565.126
5580,7896.296,16845432,WR_IN,47,7380094846393692,435166272,6,1,0,400,8,5442872,7,6,2551.346
5608,7896.829,16846568,WR_IN,48,7380094846394828,435166273,6,1,0,408,8,5471104,7,6,2564.580
5636,7897.427,16847844,WR_IN,49,7380094846396104,435166274,6,1,0,416,8,5441260,7,6,2550.591
5664,7897.967,16848996,WR_IN,50,7380094846397256,435166275,6,1,0,424,8,5469388,7,6,2563.776
5692,7898.520,16850176,WR_IN,51,7380094846398436,435166276,6,1,0,432,8,5439760,7,6,2549.888
5720,7899.019,16851240,WR_IN,52,7380094846399500,435166277,6,1,0,440,8,5467748,7,6,2563.007
5748,7899.559,16852392,WR_IN,53,7380094846400652,435166278,6,1,0,448,8,5438356,7,6,2549.229
5776,7900.091,16853528,WR_IN,54,7380094846401788,435166279,6,1,0,456,8,5466080,7,6,2562.225
5804,7900.631,16854680,WR_IN,55,7380094846402940,435166280,6,1,0,464,8,5436736,7,6,2548.470
5832,7901.132,16855748,WR_IN,56,7380094846404008,435166281,6,1,0,472,8,5464916,7,6,2561.679
5860,7901.672,16856900,WR_IN,57,7380094846405160,435166282,6,1,0,480,8,5435820,7,6,2548.041
5888,7902.188,16858000,WR_IN,58,7380094846406260,435166283,6,1,0,488,8,5470940,7,6,2564.503
5916,7902.671,16859032,WR_IN,59,7380094846407292,435166284,6,1,0,496,8,5470576,7,6,2564.333
5944,7903.202,16860164,WR_IN,60,7380094846408424,435166285,6,1,0,504,8,5433420,7,6,2546.916
5972,7903.704,16861236,WR_IN,61,7380094846409496,435166286,6,1,0,512,8,5433068,7,6,2546.751
6000,7904.207,16862308,WR_IN,62,7380094846410568,435166287,6,1,0,520,8,5467968,7,6,2563.110
6028,7904.702,16863364,WR_IN,63,7380094846411624,435166288,6,1,0,528,8,5441940,7,6,2550.909
6056,7905.225,16864480,WR_IN,64,7380094846412740,435166289,6,1,0,536,8,5466424,7,6,2562.386
6084,7905.763,16865628,WR_IN,65,7380094846413888,435166290,6,1,0,544,8,5440332,7,6,2550.156
6112,7906.281,16866732,WR_IN,66,7380094846414992,435166291,6,1,0,552,8,5464828,7,6,2561.638
6140,7906.828,16867900,WR_IN,67,7380094846416160,435166292,6,1,0,560,8,5438744,7,6,2549.411
6168,7907.333,16868976,WR_IN,68,7380094846417236,435166293,6,1,0,568,8,5463204,7,6,2560.877
6196,7907.852,16870084,WR_IN,69,7380094846418344,435166294,6,1,0,576,8,5437216,7,6,2548.695
6224,7908.388,16871228,WR_IN,70,7380094846419488,435166295,6,1,0,584,8,5468136,7,6,2563.189
6252,7908.908,16872336,WR_IN,71,7380094846420596,435166296,6,1,0,592,8,5435664,7,6,2547.968
6280,7909.453,16873500,WR_IN,72,7380094846421760,435166297,6,1,0,600,8,5466496,7,6,2562.420
6308,7909.961,16874584,WR_IN,73,7380094846422844,435166298,6,1,0,608,8,5466072,7,6,2562.221
6336,7910.507,16875748,WR_IN,74,7380094846424008,435166299,6,1,0,616,8,5433368,7,6,2546.891
6364,7911.038,16876880,WR_IN,75,7380094846425140,435166300,6,1,0,624,8,5432976,7,6,2546.708
6392,7911.583,16878044,WR_IN,76,7380094846426304,435166301,6,1,0,632,8,5463668,7,6,2561.094
6420,7912.093,16879132,WR_IN,77,7380094846427392,435166302,6,1,0,640,8,5431480,7,6,2546.006
6448,7912.628,16880272,WR_IN,78,7380094846428532,435166303,6,1,0,648,8,5462140,7,6,2560.378
6476,7913.171,16881432,WR_IN,79,7380094846429692,435166304,6,1,0,656,8,5429864,7,6,2545.249
6504,7913.700,16882560,WR_IN,80,7380094846430820,435166305,6,1,0,664,8,5460552,7,6,2559.634
6532,7914.219,16883668,WR_IN,81,7380094846431928,435166306,6,1,0,672,8,5428300,7,6,2544.516
6560,7914.724,16884744,WR_IN,82,7380094846433004,435166307,6,1,0,680,8,5458988,7,6,2558.901
6588,7915.260,16885888,WR_IN,83,7380094846434148,435166308,6,1,0,688,8,5426784,7,6,2543.805
6616,7915.774,16886984,WR_IN,84,7380094846435244,435166309,6,1,0,696,8,5457772,7,6,2558.331
6644,7916.323,16888156,WR_IN,85,7380094846436416,435166310,6,1,0,704,8,5425172,7,6,2543.049
6672,7916.869,16889320,WR_IN,86,7380094846437580,435166311,6,1,0,712,8,5456092,7,6,2557.543
6700,7917.403,16890460,WR_IN,87,7380094846438720,435166312,6,1,0,720,8,5423564,7,6,2542.296
6728,7917.881,16891480,WR_IN,88,7380094846439740,435166313,6,1,0,728,8,5454572,7,6,2556.831
6756,7918.403,16892592,WR_IN,89,7380094846440852,435166314,6,1,0,736,8,5422132,7,6,2541.624
6784,7918.989,16893844,WR_IN,90,7380094846442104,435166315,6,1,0,744,8,5452852,7,6,2556.024
6812,7919.526,16894988,WR_IN,91,7380094846443248,435166316,6,1,0,752,8,5459292,7,6,2559.043
6840,7920.071,16896152,WR_IN,92,7380094846444412,435166317,6,1,0,760,8,5436724,7,6,2548.464
6868,7920.615,16897312,WR_IN,93,7380094846445572,435166318,6,1,0,768,8,5436236,7,6,2548.236
6896,7921.144,16898440,WR_IN,94,7380094846446700,435166319,6,1,0,776,8,5456444,7,6,2557.708
6924,7921.605,16899424,WR_IN,95,7380094846447684,435166320,6,1,0,784,8,5434796,7,6,2547.561
6952,7922.145,16900576,WR_IN,96,7380094846448836,435166321,6,1,0,792,8,5454928,7,6,2556.998
6980,7922.640,16901632,WR_IN,97,7380094846449892,435166322,6,1,0,800,8,5433248,7,6,2546.835